0116 0120 0121 0124
0113 0118 0121 0124
0115 0119 0122 0124
0119 0120 0122 0124
0117 0118 0121 0124
0117 0118 0121 0125
0118 0119 0122 0125
0118 0121 0122 0125
0118 0121 0122 0125
0117 0120 0120 0125
0117 0122 0122 0125
0122 0119 0123 0125
0119 0123 0123 0127
0118 0120 0123 0127
0121 0122 0122 0127
0122 0122 0123 0127
0122 0119 0124 0127
0116 0117 0124 0127
0121 0122 0122 0127
0119 0121 0124 0127
0117 0124 0124 0127
0118 0121 0123 0127
0121 0122 0124 0127
0122 0123 0125 0127
0122 0123 0124 0127
0115 0118 0125 0127
0121 0116 0121 0127
0121 0123 0124 0127
0119 0122 0124 0127
0119 0120 0123 0127
0120 0120 0121 0128
0116 0119 0123 0128
0120 0121 0123 0128
0122 0124 0125 0128
0124 0124 0125 0128
0108 0123 0124 0128
0119 0124 0126 0128
0120 0123 0125 0128
0122 0125 0125 0128
0120 0123 0125 0128
0113 0120 0123 0128
0113 0121 0123 0128
0111 0120 0125 0128
0121 0122 0124 0128
0120 0123 0125 0129
0120 0123 0125 0129
0121 0122 0123 0129
0118 0121 0122 0129
0119 0126 0127 0129
0122 0123 0125 0129
0123 0123 0126 0129
0112 0119 0124 0129
0122 0124 0125 0129
0110 0112 0119 0129
0121 0123 0125 0129
0122 0123 0125 0129
0122 0124 0126 0129
0118 0123 0126 0129
0122 0124 0126 0129
0122 0124 0126 0129
0120 0123 0127 0130
0120 0125 0127 0130
0120 0126 0127 0130
0123 0123 0123 0130
0123 0123 0125 0130
0122 0123 0125 0130
0122 0124 0125 0130
0122 0124 0125 0130
0121 0128 0129 0130
0121 0129 0129 0130
0121 0129 0129 0130
0121 0124 0126 0130
0118 0127 0127 0130
0119 0119 0127 0130
0117 0118 0122 0130
0113 0123 0127 0130
0118 0120 0123 0130
0117 0120 0123 0130
0122 0126 0126 0130
0118 0119 0130 0130
0122 0127 0127 0130
0118 0127 0127 0130
0118 0127 0127 0130
0123 0125 0125 0130
0120 0123 0125 0130
0121 0126 0127 0130
0122 0126 0126 0130
0117 0126 0127 0130
0123 0124 0127 0130
0122 0123 0127 0131
0122 0127 0127 0131
0121 0126 0128 0131
0123 0126 0126 0131
0123 0124 0126 0131
0122 0123 0128 0131
0116 0126 0127 0131
0121 0122 0128 0131
0123 0125 0128 0131
0123 0124 0129 0131
0123 0126 0127 0131
0115 0127 0128 0131
0122 0128 0128 0131
0123 0127 0127 0131
0119 0128 0128 0131
0123 0125 0127 0131
0123 0125 0129 0131
0122 0126 0126 0131
0125 0129 0129 0131
0126 0126 0128 0131
0125 0125 0128 0131
0123 0123 0124 0131
0118 0124 0128 0131
0122 0125 0127 0131
0122 0124 0125 0131
0106 0115 0126 0131
0118 0124 0127 0131
0118 0121 0126 0131
0123 0125 0126 0131
0123 0127 0128 0131
0123 0124 0128 0131
0125 0127 0127 0131
0120 0125 0125 0131
0117 0124 0128 0131
0121 0121 0126 0131
0119 0123 0129 0201
0125 0130 0130 0201
0123 0129 0129 0201
0122 0129 0129 0201
0115 0122 0129 0201
0122 0128 0128 0201
0122 0124 0126 0201
0124 0128 0129 0201
0123 0126 0129 0201
0123 0123 0127 0201
0121 0128 0128 0201
0123 0129 0130 0201
0119 0126 0128 0201
0122 0128 0129 0201
0122 0125 0129 0201
0115 0125 0126 0201
0123 0126 0129 0201
0123 0128 0129 0201
0117 0127 0128 0201
0122 0122 0129 0201
0125 0127 0129 0201
0125 0126 0130 0201
0119 0125 0129 0201
0123 0127 0131 0201
0125 0128 0130 0201
0122 0125 0128 0201
0120 0130 0130 0201
0120 0130 0130 0201
0124 0130 0131 0201
0124 0130 0131 0201
0124 0124 0131 0201
0119 0129 0130 0201
0125 0127 0131 0201
0119 0124 0131 0202
0124 0126 0129 0202
0122 0125 0201 0202
0119 0120 0130 0202
0122 0122 0130 0202
0121 0124 0131 0202
0118 0129 0131 0202
0124 0125 0131 0202
0126 0126 0130 0202
0121 0122 0129 0202
0122 0131 0130 0202
0126 0130 0130 0202
0126 0128 0130 0202
0120 0124 0129 0202
0126 0129 0131 0202
0123 0125 0131 0202
0123 0131 0131 0202
0124 0126 0201 0202
0119 0201 0201 0202
0127 0201 0201 0202
0121 0131 0131 0202
0123 0127 0131 0202
0119 0128 0131 0202
0120 0129 0130 0202
0126 0130 0201 0202
0124 0130 0130 0202
0120 0131 0201 0202
0118 0127 0201 0202
0125 0130 0202 0202
0119 0126 0131 0202
0124 0130 0201 0202
0122 0130 0201 0203
0119 0127 0129 0203
0125 0127 0131 0203
0125 0129 0202 0203
0123 0126 0201 0203
0121 0122 0202 0203
0123 0129 0201 0203
0120 0130 0131 0203
0119 0127 0131 0203
0123 0123 0129 0203
0125 0130 0201 0203
0119 0120 0122 0203
0120 0201 0202 0203
0123 0128 0202 0204
0121 0126 0130 0204
0122 0122 0125 0204
0122 0130 0131 0204
0123 0125 0202 0204
0120 0129 0201 0204
0125 0201 0203 0204
0125 0202 0203 0204
0116 0130 0202 0204
0123 0126 0201 0204
0125 0130 0202 0204
0121 0201 0202 0204
0125 0126 0202 0204
0123 0201 0204 0204
0121 0123 0202 0205
0122 0128 0204 0205
0122 0202 0203 0205
0122 0201 0202 0205
0125 0131 0204 0205
0122 0124 0203 0205
0128 0204 0204 0205
0128 0203 0203 0205
0119 0125 0203 0205
0118 0202 0204 0205
0118 0128 0204 0205
0127 0201 0203 0205
0119 0124 0203 0205
0121 0126 0201 0205
0121 0128 0203 0205
0123 0127 0204 0205
0123 0127 0204 0205
0124 0128 0203 0205
0124 0203 0204 0205
0121 0201 0203 0205
0125 0205 0205 0206
0120 0121 0205 0206
0123 0126 0205 0206
0122 0204 0205 0206
0125 0205 0205 0206
0125 0205 0205 0206
0125 0205 0205 0206
0125 0129 0206 0206
0125 0203 0206 0206
0123 0204 0205 0206
0124 0205 0205 0206
0123 0204 0205 0206
0126 0203 0204 0206
0122 0126 0206 0206
0118 0122 0204 0206
0124 0201 0206 0206
0201 0205 0205 0206
0201 0202 0205 0206
0125 0205 0206 0207
0121 0130 0207 0207
0121 0207 0207 0207
0120 0203 0203 0207
0123 0205 0205 0207
0122 0125 0201 0207
0119 0203 0207 0207
0120 0126 0205 0207
0122 0127 0202 0207
0122 0204 0204 0207
0122 0204 0204 0207
0125 0205 0206 0207
0126 0205 0207 0207
